1.00000000e+00
1.02056220e+00
1.04155778e+00
1.06299576e+00
1.08488535e+00
1.10723594e+00
1.13005711e+00
1.15335867e+00
1.17715059e+00
1.20144308e+00
1.22624655e+00
1.25157162e+00
1.27742915e+00
1.30383023e+00
1.33078616e+00
1.35830849e+00
1.38640903e+00
1.41509982e+00
1.44439316e+00
1.47430164e+00
1.50483808e+00
1.53601560e+00
1.56784761e+00
1.60034779e+00
1.63353015e+00
1.66740897e+00
1.70199888e+00
1.73731482e+00
1.77337206e+00
1.81018623e+00
1.84777329e+00
1.88614958e+00
1.92533182e+00
1.96533710e+00
2.00618291e+00
2.04788717e+00
2.09046820e+00
2.13394476e+00
2.17833607e+00
2.22366181e+00
2.26994214e+00
2.31719774e+00
2.36544976e+00
2.41471992e+00
2.46503049e+00
2.51640429e+00
2.56886476e+00
2.62243594e+00
2.67714251e+00
2.73300983e+00
2.79006394e+00
2.84833158e+00
2.90784028e+00
2.96861833e+00
3.03069481e+00
3.09409968e+00
3.15886378e+00
3.22501887e+00
3.29259766e+00
3.36163390e+00
3.43216238e+00
3.50421901e+00
3.57784085e+00
3.65306620e+00
3.72993461e+00
3.80848700e+00
3.88876572e+00
3.97081457e+00
4.05467895e+00
4.14040591e+00
4.22804424e+00
4.31764458e+00
4.40925952e+00
4.50294372e+00
4.59875401e+00
4.69674954e+00
4.79699192e+00
4.89954536e+00
5.00447684e+00
5.11185630e+00
5.22175679e+00
5.33425472e+00
5.44943006e+00
5.56736660e+00
5.68815217e+00
5.81187898e+00
5.93864390e+00
6.06854878e+00
6.20170085e+00
6.33821313e+00
6.47820481e+00
6.62180178e+00
6.76913715e+00
6.92035181e+00
7.07559508e+00
7.23502538e+00
7.39881105e+00
7.56713112e+00
7.74017635e+00
7.91815019e+00
8.10126996e+00
8.28976817e+00
8.48389392e+00
8.68391449e+00
8.89011721e+00
9.10281140e+00
9.32233069e+00
9.54903558e+00
9.78331631e+00
1.00255962e+01
1.02763355e+01
1.05360354e+01
1.08052433e+01
1.10845581e+01
1.13746372e+01
1.16762037e+01
1.19900553e+01
1.23170750e+01
1.26582427e+01
1.30146500e+01
1.33875172e+01
1.37782137e+01
1.41882824e+01
1.46194698e+01
1.50737623e+01
1.55534308e+01
1.60610860e+01
1.65997484e+01
1.71729354e+01
1.77847744e+01
1.84401481e+01
1.91448851e+01
1.99060149e+01
2.07321123e+01
2.16337732e+01
2.26242860e+01
2.37206008e+01
2.49447710e+01
2.63261669e+01
2.79050115e+01
2.97382989e+01
3.19102907e+01
3.45525422e+01
3.78859436e+01
4.23213749e+01
4.87525346e+01
5.97415357e+01
6.69641329e+01
6.69641329e+01
6.69641329e+01
6.69641329e+01
6.69641329e+01
6.69641329e+01
6.69641329e+01
6.69641329e+01
6.69641329e+01
6.69641329e+01
6.69641329e+01
6.69641329e+01
6.69641329e+01
6.69641329e+01
6.69641329e+01
6.69641329e+01
6.69641329e+01
6.69641329e+01
6.69641329e+01
6.69641329e+01
6.69641329e+01
6.69641329e+01
6.69641329e+01
6.69641329e+01
6.69641329e+01
6.69641329e+01
6.69641329e+01
6.69641329e+01
6.69641329e+01
6.69641329e+01
6.69641329e+01
6.69641329e+01
6.69641329e+01
6.69641329e+01
6.69641329e+01
6.69641329e+01
6.69641329e+01
6.69641329e+01
6.69641329e+01
6.69641329e+01
6.69641329e+01
6.69641329e+01
6.69641329e+01
6.69641329e+01
6.69641329e+01
6.69641329e+01
6.69641329e+01
6.69641329e+01
6.69641329e+01
6.69641329e+01
6.69641329e+01
6.69641329e+01
6.69641329e+01